0,0,1,2,3,4,5,6,7,8,9
0,559,4451,48,58,20,5,6,80,434,435
0,531,3651,38,12,4,5,6,7,54,153
1,82,3489,18,3,4,5,71,80,8,120
0,198,1504,18,30,20,5,6,72,135,136
0,600,3777,18,3,4,5,6,26,27,602
1,123,79,48,25,20,5,6,7,8,9
0,179,2989,48,12,4,5,6,7,54,9
0,441,2321,48,19,20,5,6,26,35,99
0,2614,1083,139,25,20,5,6,26,35,99
0,144,3563,38,42,20,13,6,7,146,147
0,1287,729,2,19,20,5,6,26,887,1289
0,313,4636,38,19,20,5,6,26,465,466
0,622,3602,2,19,20,5,6,26,35,522
0,5304,749,48,19,20,5,6,80,8,94
1,803,668,112,25,20,5,6,45,66,9
0,200,448,2,19,20,5,6,26,202,203
1,362,442,2,12,4,5,6,45,54,9
0,879,1840,2,42,20,5,6,26,54,153
0,362,3682,112,58,20,5,6,72,54,9
0,142,4114,38,30,20,5,6,45,8,9
0,1401,5168,38,3,4,5,6,26,54,153
0,330,378,2,30,20,5,6,7,54,586
0,1371,4572,2,58,4,5,71,80,683,9
1,92,164,38,12,4,13,6,26,8,94
1,1078,847,18,25,20,5,6,7,54,153
1,36,848,38,3,4,13,6,26,8,39
0,1536,2885,24,30,20,13,6,7,181,182
0,705,2637,2,25,20,5,6,72,135,136
0,245,2360,48,12,4,5,6,26,54,153
1,307,1863,2,12,4,5,6,26,8,9
0,609,1748,2,42,20,5,6,72,8,3115
1,717,79,48,30,20,5,6,26,135,136
1,155,359,139,58,4,5,6,45,8,9
0,399,3215,2,12,4,5,6,7,219,220
0,372,3615,38,30,20,5,6,7,31,9
0,1209,2015,48,58,20,96,6,7,35,9
1,125,1332,2,3,4,5,71,7,127,128
1,1255,1761,48,30,20,5,6,26,54,153
1,1085,4596,2,30,20,5,6,26,8,9
1,829,442,18,58,20,5,6,26,54,153
1,386,1804,18,58,20,5,6,26,8,9
0,1015,2278,112,30,20,5,6,26,1016,1917
1,268,166,48,25,20,5,6,72,8,9
1,412,166,18,42,20,5,6,26,27,261
1,351,1277,112,25,20,5,6,7,62,702
0,437,2643,2,12,4,5,6,45,66,9
0,82,4231,18,30,20,5,6,80,8,120
0,1519,3790,24,12,4,5,6,7,8,39
1,527,631,38,25,20,5,6,72,135,136
0,480,4731,2,19,20,13,6,7,219,9
1,829,263,18,30,20,13,6,45,54,153
0,118,3932,38,19,20,5,6,7,8,355
0,717,1233,112,3,4,5,6,72,135,136
1,241,1153,112,19,20,5,71,26,8,9
0,773,2145,112,30,20,5,6,45,66,9
1,259,848,112,30,20,5,6,7,27,261
0,239,3609,2,58,4,5,6,45,66,9
1,36,282,112,58,20,5,6,45,8,39
0,224,1864,38,42,20,5,6,26,35,99
0,829,1357,24,25,20,13,6,26,54,153
1,531,4757,38,58,20,13,6,26,54,153
1,879,282,2,3,4,5,6,7,54,9
0,1061,526,112,58,20,5,6,45,233,1063
0,243,1546,112,42,20,96,6,26,8,9
0,40,2688,48,3,4,5,6,80,8,9
1,2074,4939,18,58,20,5,6,7,8,9
0,888,2158,24,25,20,5,6,26,219,220
1,1122,3757,2,12,4,5,6,26,54,153
0,268,2541,48,25,20,5,6,45,8,9
0,315,1791,112,42,20,5,6,72,317,318
0,292,3818,48,58,20,13,6,45,54,294
1,1530,670,2,3,4,5,6,26,135,136
0,971,4851,2,25,20,5,6,26,35,3591
0,501,2247,112,19,20,5,6,45,66,9
0,229,1307,2,19,20,5,6,26,8,43
0,427,889,139,58,4,5,6,26,428,429
0,144,2815,2,25,20,13,6,7,146,147
1,888,164,139,30,20,5,6,26,219,220
0,4366,2027,139,19,20,5,6,14,8,9
1,1087,282,2,12,4,5,6,26,27,9
1,2086,1602,48,3,4,5,6,7,2087,2088
0,453,1843,112,12,4,5,6,72,454,455
0,354,1605,2,42,20,5,6,45,66,9
1,503,4234,139,19,20,5,6,80,15,505
1,663,442,18,58,20,5,6,45,54,586
1,270,282,18,30,20,5,6,72,35,272
0,259,1084,48,58,20,5,6,80,27,9
1,1331,164,48,19,20,5,6,26,189,9
0,950,2426,2,58,4,5,6,14,791,792
0,879,1604,139,58,4,5,6,26,54,153
1,857,166,18,3,4,5,6,72,8,120
0,236,1788,48,25,20,5,6,72,27,238
1,321,3304,18,58,20,5,6,7,8,9
0,527,1794,18,19,20,5,6,26,135,136
1,412,166,139,19,20,5,6,7,27,261
0,1053,1659,48,58,20,13,6,26,35,9
1,898,212,2,3,4,5,6,26,634,900
1,538,2061,2,3,4,5,6,7,102,9
1,1061,1062,18,25,20,5,6,26,233,1063
0,485,4772,2,3,4,5,71,7,161,9
1,224,324,18,42,20,5,6,7,35,99
0,676,2378,48,58,20,5,6,72,8,419
1,717,282,2,25,20,5,6,26,135,136
0,1032,2053,38,19,20,13,6,26,8,9
0,2086,3766,24,42,20,5,6,7,2087,2088
1,1053,4620,18,25,20,13,6,26,35,9
0,1020,1612,38,42,20,5,6,26,54,153
0,4788,1065,48,30,20,13,6,7,8,120
1,1331,2444,18,25,20,5,71,26,189,9
0,527,2122,48,12,4,5,6,26,135,136
1,40,37,18,25,20,13,6,72,8,9
0,368,4114,2,3,4,5,6,72,135,136
0,1096,476,139,19,20,5,6,26,31,337
0,236,3861,139,30,20,5,6,26,27,238
0,389,1640,139,19,20,13,6,26,54,153
1,183,282,18,30,20,5,6,26,35,9
0,343,4380,112,42,20,5,6,26,135,136
0,475,3768,38,3,4,5,71,26,49,1815
0,630,4078,48,42,20,5,6,7,54,153
1,125,2146,2,3,4,5,6,26,127,128
0,82,1598,2,58,4,5,6,7,8,84
0,4394,2062,38,30,20,5,6,26,8,4395
0,224,1031,2,25,20,13,6,14,35,99
1,606,442,48,30,20,5,6,45,66,9
1,245,338,2,30,20,5,6,26,54,153
1,121,438,2,19,20,13,6,45,35,9
1,52,70,38,3,4,5,6,80,54,55
1,829,41,18,3,4,5,6,45,66,9
0,349,472,38,3,4,5,6,45,8,9
1,1168,1280,48,12,4,5,6,26,54,153
1,571,2113,18,3,4,5,6,72,135,136
1,5275,166,2,25,20,5,6,7,634,635
1,311,41,2,42,20,5,6,7,27,9
0,1018,4363,24,30,20,5,6,26,8,84
0,386,3867,48,42,20,5,6,72,8,9
0,321,3897,112,12,4,5,6,45,66,9
0,259,510,48,3,4,5,6,72,27,602
0,1702,3554,38,3,4,5,6,26,8,1300
0,52,963,112,30,20,5,6,26,54,55
0,259,645,18,58,20,13,6,14,27,261
0,148,3801,18,25,20,5,71,7,150,9
0,3756,5126,139,3,4,5,6,26,54,153
0,2353,608,2,58,4,5,6,26,161,511
0,974,3716,2,25,20,5,6,45,66,9
0,389,2878,18,19,20,5,6,26,54,9
0,4528,2206,38,25,20,5,71,26,8,9
1,40,2792,112,30,20,5,6,26,8,9
0,1675,3178,2,58,4,5,6,26,1003,1677
0,1222,1874,18,58,20,5,6,26,35,99
1,313,237,38,25,20,5,6,26,54,9
0,498,2131,2,19,20,5,71,26,35,99
0,588,3263,48,58,20,13,6,7,589,590
0,1207,2678,38,19,20,5,6,45,66,9
1,1179,77,112,19,20,5,6,26,2099,9
0,100,4473,2,12,4,5,6,7,102,9
1,259,164,2,42,20,13,6,80,27,261
1,236,743,18,42,20,13,6,26,27,238
1,399,3047,48,25,20,5,6,26,219,220
0,345,4607,24,12,4,5,6,7,35,347
0,971,1109,18,58,20,5,6,26,35,9
0,789,3305,112,12,4,5,6,7,791,792
0,303,1429,24,12,4,5,6,45,8,9
0,818,2585,2,3,4,13,6,7,8,9
0,3106,4764,2,25,20,5,6,26,35,99
0,82,1849,139,30,20,5,6,26,8,84
0,402,932,2,58,4,13,6,72,8,404
0,241,430,2,58,4,5,6,7,8,9
0,67,3575,2,19,20,5,71,80,8,9
1,1104,1269,18,42,20,5,6,7,181,182
1,1069,641,139,3,4,5,6,45,66,9
0,236,2139,18,42,20,96,6,26,27,238
0,1256,3664,18,58,20,5,6,7,102,208
1,985,1745,112,58,20,5,6,7,8,987
1,1452,1659,48,30,20,13,6,80,8,9
0,1032,1217,112,58,20,13,6,7,8,9
0,391,1637,112,3,4,5,6,80,8,393
1,427,164,48,30,20,13,6,26,428,429
0,254,2678,2,25,20,96,6,26,54,153
1,391,324,38,12,4,5,6,26,8,393
0,569,2263,38,19,20,5,71,45,66,9
1,343,4245,18,30,20,5,6,26,135,136
1,699,166,18,30,20,96,6,26,8,700
1,4825,1761,139,12,4,5,6,45,66,9
0,121,4914,2,30,20,13,6,26,35,9
0,1641,248,2,58,4,5,6,7,102,103
0,215,1283,48,30,20,5,6,72,135,136
0,518,4494,18,30,20,5,6,26,135,136
0,480,2344,18,19,20,5,6,7,219,9
0,2452,126,48,58,20,5,6,26,102,360
0,354,1778,18,12,4,5,6,45,66,9
0,1234,1771,2,30,20,5,71,7,8,9
0,663,2688,112,58,20,96,6,45,54,586
0,270,4124,112,3,4,5,6,72,35,272
0,118,3179,18,58,20,5,6,26,8,489
1,4067,4433,38,42,20,5,6,45,66,9
0,159,3263,48,25,20,5,6,7,161,162
0,349,1119,48,3,4,5,6,7,8,9
0,1222,5021,48,58,20,5,6,26,35,9
0,1234,2141,2,19,20,5,6,45,8,9
0,1707,2720,112,58,20,5,6,14,964,1231
1,370,41,38,12,4,5,6,26,8,9
1,527,763,2,19,20,5,6,26,135,136
0,200,4938,2,19,20,5,6,14,202,203
1,183,166,48,58,20,5,6,26,35,9
0,688,2024,112,42,20,5,6,26,31,9
0,243,4223,139,19,20,5,6,14,8,9
0,722,3700,112,42,20,5,6,72,135,136
1,4059,1703,2,19,20,5,6,7,8,9
0,200,2366,2,19,20,5,6,72,202,203
1,4951,57,18,42,20,5,6,26,35,9
0,1479,478,38,12,4,5,6,45,66,9
0,16,2112,18,42,20,5,6,26,8,9
1,401,37,18,19,20,5,6,26,54,9
1,224,37,2,12,4,5,6,80,35,99
0,372,2361,38,30,20,5,6,88,31,9
0,104,2259,18,42,20,13,6,7,106,9
0,713,4087,38,12,4,5,6,26,8,715
1,625,1335,139,12,4,13,6,7,465,466
0,1452,1874,139,19,20,13,6,7,8,9
0,600,1339,38,12,4,5,6,45,27,602
0,1758,3628,2,42,20,5,71,26,161,1760
0,28,2855,2,58,4,5,6,7,31,32
0,775,1712,2,42,20,5,6,26,150,9
0,268,3877,112,30,20,5,71,26,8,9
0,2353,2327,18,58,20,5,6,45,161,511
1,1287,3199,2,58,4,5,6,26,887,1289
0,950,126,2,42,20,5,6,26,791,792
0,50,633,2,25,20,5,6,7,8,9
0,315,4011,2,30,20,5,6,7,317,318
1,270,282,2,25,20,5,6,26,35,272
0,2296,3429,48,42,20,5,6,26,27,73
0,50,3331,48,19,20,5,6,7,8,9
1,1168,166,18,58,20,5,6,26,54,153
0,470,1544,24,25,20,5,6,80,181,9
1,281,905,2,30,20,5,71,7,161,511
0,313,1744,18,42,20,13,6,26,54,9
0,441,2842,48,19,20,5,6,14,35,99
0,950,2628,2,42,20,5,6,26,791,792
0,2269,975,2,3,4,5,6,80,54,9
1,470,4852,2,25,20,5,6,26,181,9
0,4432,2691,112,3,4,5,6,26,1638,1639
0,167,1382,112,3,4,5,6,26,8,169
0,213,3425,18,25,20,96,6,26,35,99
1,1061,332,48,30,20,5,6,72,233,1063
1,40,164,48,3,4,5,6,26,8,9
0,1149,4120,2,58,4,5,6,7,8,9
1,694,3662,48,58,20,5,6,45,66,9
1,1155,166,112,12,4,5,6,26,35,9
1,588,442,2,58,4,5,6,26,589,590
0,10,1418,2,58,4,5,6,72,15,9
0,389,1017,38,3,4,5,6,26,54,9
0,890,1714,139,58,4,5,6,26,150,892
0,1707,2455,18,30,20,5,6,26,964,1231
0,2564,2697,18,58,20,5,6,45,66,9
1,204,2994,24,58,20,13,6,7,54,153
1,277,41,112,12,4,5,6,26,279,280
0,612,451,18,25,20,5,6,26,135,136
0,3252,2290,2,19,20,5,71,26,8,94
0,1069,1898,139,3,4,5,6,45,66,9
1,518,2802,38,30,20,5,71,72,135,136
0,663,4944,2,25,20,13,6,7,54,586
0,588,2466,2,30,20,96,6,80,589,590
0,1098,199,2,19,20,5,6,45,66,9
0,159,2704,2,25,20,5,6,45,161,210
0,313,4989,18,42,20,5,6,7,465,466
1,412,309,18,58,20,5,6,7,27,261
0,571,2068,18,3,4,5,6,72,135,136
1,654,166,38,25,20,13,6,7,35,9
1,5287,668,48,19,20,5,6,26,161,178
0,185,2566,112,12,4,5,6,26,35,9
0,898,787,2,3,4,5,71,26,634,900
0,588,1126,139,42,20,96,6,14,589,590
0,890,1376,112,30,20,5,6,7,150,892
1,588,708,48,19,20,96,6,80,589,590
0,252,2530,18,3,4,5,6,72,8,9
1,60,3510,18,25,20,5,6,26,62,557
0,401,2570,48,19,20,5,6,26,35,99
0,600,2598,2,25,20,5,6,7,27,602
1,996,4388,48,42,20,5,6,26,54,55
0,726,2837,112,25,20,5,6,26,135,728
0,722,4347,48,3,4,5,6,72,135,136
0,498,2530,2,3,4,5,6,26,35,99
0,1420,3251,139,3,4,5,6,26,8,9
0,273,4846,18,30,20,5,6,26,233,275
1,176,4763,38,30,20,5,71,7,161,178
1,1506,1828,18,19,20,96,6,7,54,153
0,540,4734,2,42,20,5,6,7,8,9
0,4067,2546,38,42,20,5,6,45,66,9
1,254,657,48,42,20,13,6,7,54,153
1,343,770,18,30,20,5,71,26,135,136
0,4709,3243,38,58,20,5,6,7,4710,9
0,52,3473,18,58,20,5,6,7,54,9
0,266,2207,2,25,20,5,6,45,66,9
1,200,164,48,19,20,5,6,7,202,203
0,1255,2788,48,12,4,5,6,7,54,153
1,174,79,2,25,20,13,6,26,8,9
0,224,4387,112,12,4,5,6,72,35,99
0,315,2261,112,42,20,5,6,7,317,318
0,239,2945,18,12,4,5,6,45,66,9
0,450,4905,2,58,4,96,6,14,27,452
0,249,5263,18,19,20,5,6,26,54,251
1,183,767,38,42,20,5,6,26,35,9
0,217,4981,18,58,20,96,6,26,219,9
0,399,1883,139,42,20,5,6,26,219,220
1,82,164,2,42,20,5,6,45,8,84
0,1255,3207,112,42,20,5,6,26,54,153
1,401,442,2,30,20,5,6,26,54,3023
1,580,670,2,19,20,5,6,7,317,581
0,674,525,112,19,20,96,6,26,589,590
0,529,3196,48,19,20,5,6,26,35,9
0,773,2652,2,42,20,5,6,45,66,9
0,46,3824,48,12,4,5,6,26,49,1815
1,1078,1028,112,3,4,5,6,26,54,153
0,349,4646,38,3,4,5,6,80,8,9
0,1430,1126,112,25,20,5,6,26,1432,1433
0,656,853,38,25,20,13,6,26,27,984
0,735,329,2,19,20,96,6,80,8,94
1,588,4430,48,12,4,5,6,26,589,590
1,270,216,18,30,20,5,6,80,35,272
1,236,4633,48,58,20,96,6,26,27,238
1,52,149,18,30,20,96,6,72,54,9
0,1149,3650,139,30,20,5,6,72,8,9
1,264,2006,38,58,20,5,6,7,8,9
0,69,4310,139,42,20,5,6,26,27,73
0,750,4063,48,30,20,13,6,45,8,489
1,345,763,24,58,20,5,6,45,35,1276
0,1053,3507,18,42,20,13,6,80,35,9
0,163,1625,38,42,20,5,6,26,135,136
0,386,3928,2,3,4,5,6,26,8,9
0,69,2826,38,19,20,13,71,26,27,73
0,764,3761,139,42,20,5,6,45,66,9
1,268,282,18,19,20,5,6,72,8,9
0,213,4260,38,12,4,5,6,26,35,99
1,461,2744,38,42,20,13,6,7,54,153
0,890,1998,2,58,4,5,6,26,150,892
0,2564,3171,2,3,4,5,6,26,8,1300
0,1344,3805,2,19,20,5,6,7,35,9
0,571,3801,18,3,4,5,6,72,135,136
0,2443,4563,48,42,20,13,6,26,454,9
1,16,282,112,58,20,5,6,72,8,21
0,890,3749,112,58,20,5,6,80,150,892
0,191,4508,112,42,20,5,6,45,193,194
1,2094,442,48,19,20,13,6,7,54,9
0,574,1080,2,58,4,5,6,26,54,153
1,315,4874,112,42,20,5,6,72,317,318
0,622,2461,2,42,20,5,6,7,35,522
1,888,282,38,25,20,5,6,26,219,220
1,4417,1592,2,42,20,5,6,26,54,153
0,40,3359,38,30,20,5,6,7,8,9
1,281,2794,2,42,20,5,71,7,161,283
1,104,166,18,3,4,13,6,80,106,9
0,996,4752,48,19,20,5,6,26,54,55
0,2504,1328,48,25,20,5,6,26,2506,2507
0,461,2811,112,30,20,5,6,26,54,153
1,480,481,48,42,20,5,6,7,219,9
0,170,1948,38,58,20,5,6,7,102,171
1,69,746,2,25,20,5,71,26,27,73
0,731,4321,18,30,20,96,6,26,732,733
0,705,1753,38,25,20,5,6,72,135,136
0,588,1881,2,58,4,96,6,7,589,590
0,1519,729,48,58,20,5,6,80,8,9
1,341,2802,18,3,4,5,71,7,135,342
1,16,17,18,30,20,5,6,14,8,21
0,307,2843,2,58,4,5,6,45,8,9
0,467,5059,48,58,20,5,6,26,468,9
0,584,4240,48,58,20,5,71,7,54,586
0,591,2911,2,3,4,5,6,26,135,136
1,89,442,2,42,20,13,6,7,91,9
1,1015,166,48,25,20,13,6,7,1016,1917
0,588,1920,18,19,20,5,6,14,589,590
1,463,1106,24,58,20,13,6,26,465,466
0,243,2963,18,12,4,5,6,26,8,9
0,529,4386,2,42,20,5,6,72,35,9
1,123,41,2,25,20,5,6,7,8,9
0,609,3431,18,3,4,5,6,80,8,9
0,236,4257,38,12,4,13,6,26,27,238
0,313,2027,48,25,20,13,6,26,54,9
0,531,1784,2,58,4,5,6,26,54,153
1,254,2161,48,12,4,5,6,7,54,9
0,224,2314,24,58,20,13,71,7,35,99
1,527,4794,2,58,4,5,71,26,135,136
0,527,2397,38,25,20,5,6,26,135,136
0,330,2477,112,58,20,5,71,7,54,586
0,97,3697,139,3,4,5,6,7,35,99
1,457,2599,2,30,20,5,6,26,459,460
0,509,3218,2,25,20,5,6,7,161,283
0,467,2669,2,12,4,5,6,26,468,9
0,450,4314,48,3,4,13,6,72,27,452
0,2449,2027,38,25,20,5,6,45,66,9
0,518,5108,18,30,20,5,71,45,135,136
0,818,4090,2,30,20,5,6,7,8,9
1,529,324,24,12,4,5,6,26,35,9
0,829,1305,38,58,20,96,6,26,54,153
0,663,3463,48,12,4,5,6,7,54,586
1,56,967,38,19,20,5,6,26,59,9
0,894,3534,48,12,4,13,6,80,27,896
1,281,442,139,19,20,5,6,72,161,511
1,2220,1437,18,25,20,5,6,80,233,9
0,1967,3118,48,12,4,5,6,7,1969,9
0,82,1788,139,3,4,5,6,80,8,120
0,750,3609,2,19,20,13,6,7,8,489
0,571,3872,18,3,4,5,6,26,135,136
1,303,1141,38,58,20,5,6,72,8,9
1,870,442,112,30,20,5,6,7,161,178
0,437,1451,48,12,4,5,6,45,66,9
1,176,966,18,30,20,5,71,26,161,178
0,343,448,48,30,20,5,6,26,135,136
0,948,1214,2,25,20,5,6,26,189,9
1,3325,442,38,58,20,13,6,7,3326,9
0,36,1009,2,25,20,13,6,7,8,39
0,179,3068,18,25,20,5,6,26,54,153
0,870,3174,18,19,20,5,6,45,66,9
0,632,1604,2,12,4,5,6,26,634,635
0,67,3443,24,19,20,13,6,7,8,9
0,243,1569,112,42,20,96,6,45,8,9
1,1256,2604,18,19,20,5,6,26,102,9
0,447,4321,18,25,20,5,6,7,8,9
1,40,164,139,58,4,5,6,26,8,3137
1,699,166,112,30,20,5,6,14,8,700
1,386,57,139,12,4,13,6,7,8,9
0,457,1720,2,58,4,5,6,80,459,460
1,69,555,48,12,4,13,6,72,27,73
0,311,2206,139,3,4,5,6,7,8,9
0,74,3992,18,12,4,5,6,80,8,84
0,298,3269,112,25,20,5,6,7,102,300
1,888,166,18,30,20,5,6,7,219,220
1,74,1342,48,42,20,5,6,26,161,9
0,198,4437,48,19,20,5,6,26,135,136
1,391,17,2,12,4,5,6,26,8,393
0,837,5105,2,19,20,13,6,26,8,9
0,800,2824,2,30,20,13,6,26,54,153
0,273,2872,2,58,4,5,6,26,233,275
0,137,4195,48,19,20,13,6,26,102,9
1,1078,2532,18,12,4,5,6,7,54,153
0,245,4453,18,58,20,13,6,26,54,153
1,315,282,18,19,20,5,6,26,317,318
0,3474,1920,112,30,20,5,6,45,66,9
1,383,258,18,25,20,5,6,26,385,9
0,584,2626,38,12,4,5,6,45,54,9
0,270,4327,2,12,4,5,6,80,35,272
0,320,4642,18,19,20,96,6,26,54,153
0,222,1399,2,3,4,5,6,45,66,9
0,303,3713,38,42,20,5,6,26,8,9
0,159,95,48,25,20,5,6,7,161,162
0,3656,756,2,19,20,13,6,80,964,3657
0,372,2752,48,30,20,5,6,7,31,9
1,303,668,48,42,20,5,6,26,8,9
0,632,1773,38,42,20,5,6,26,634,635
0,972,4827,18,58,20,5,6,26,8,404
0,1096,1880,112,25,20,5,6,26,31,337
0,236,3768,18,30,20,96,6,7,27,238
0,2074,5037,48,42,20,5,6,7,8,9
0,870,3574,2,42,20,5,6,26,161,178
1,320,166,24,25,20,13,6,26,54,153
0,550,5118,48,42,20,13,6,26,8,9
1,268,651,112,25,20,5,6,72,8,9
0,1020,4064,2,30,20,13,6,26,54,153
0,609,1200,18,3,4,5,6,7,8,9
0,104,1944,2,58,4,13,6,7,106,9
1,268,651,48,25,20,5,6,7,8,9
0,187,3069,139,12,4,13,71,26,189,190
1,315,332,112,42,20,5,6,72,317,318
0,243,1019,18,12,4,5,6,80,8,9
1,470,852,112,12,4,5,6,7,181,9
0,567,17,139,30,20,5,6,80,8,9
0,349,2813,38,3,4,5,6,72,8,9
0,757,2590,112,42,20,13,6,26,54,153
0,387,4658,18,25,20,13,6,26,8,9
0,2144,2486,139,19,20,5,6,45,66,9
1,1465,324,112,3,4,13,6,26,54,9
1,531,282,112,58,20,5,6,26,54,153
1,1256,3225,18,12,4,5,71,72,102,208
1,125,3022,2,3,4,5,6,7,127,128
0,2026,3947,18,42,20,5,6,45,66,9
1,2452,2735,48,58,20,5,6,26,102,360
1,179,1828,112,42,20,5,6,7,181,182
1,580,4499,112,25,20,5,6,26,317,581
0,632,1242,2,12,4,5,6,26,634,635
0,249,3084,48,3,4,5,6,26,54,251
1,546,1510,139,19,20,5,6,26,548,9
0,249,2161,18,25,20,5,6,26,54,251
1,449,3022,48,25,20,5,6,26,54,153
0,259,3046,2,3,4,5,6,7,27,261
0,427,129,18,25,20,5,6,80,428,429
0,492,1691,24,30,20,13,6,72,27,9
0,615,438,38,3,4,13,6,26,35,9
0,69,534,18,19,20,13,6,26,27,73
1,829,442,48,3,4,5,6,45,66,9
0,217,4246,139,58,4,5,6,26,219,9
0,950,3226,48,42,20,5,6,26,791,792
1,249,2149,2,58,4,5,6,26,54,251
1,89,442,48,58,20,13,6,7,91,9
0,1087,1394,18,12,4,5,6,26,27,9
0,571,3612,112,58,20,5,6,26,135,136
0,82,3556,18,25,20,5,6,7,8,404
0,217,2567,139,12,4,96,6,26,219,9
1,74,560,2,3,4,5,6,26,161,9
1,315,5101,112,42,20,5,6,7,317,318
1,890,2377,112,42,20,5,6,26,150,892
0,948,1996,18,30,20,5,6,80,189,9
0,569,4390,48,19,20,5,6,45,66,9
0,1702,2990,38,3,4,5,6,26,8,1300
0,612,4160,2,42,20,5,6,72,135,136
0,0,1251,2,3,4,5,6,7,8,9
0,100,3448,2,12,4,5,71,7,102,103
0,349,4673,38,3,4,5,6,80,8,9
0,1168,2973,139,58,4,5,6,26,54,153
1,270,442,139,58,4,5,6,7,35,272
0,663,3354,112,58,20,5,6,7,54,586
0,742,2272,112,3,4,5,6,7,744,745
0,107,3327,2,3,4,13,6,26,8,9
0,372,2211,38,58,20,5,6,7,31,9
0,1061,477,48,3,4,5,71,26,233,1063
1,1621,2515,48,30,20,96,6,26,189,9
0,1020,3380,112,42,20,5,6,26,54,153
0,496,4867,18,58,20,5,6,7,8,9
0,159,4204,18,30,20,5,6,26,161,162
0,423,1742,48,58,20,5,6,26,54,153
0,137,4356,18,30,20,13,6,7,102,9
0,427,4207,24,19,20,13,6,14,428,429
0,793,1467,48,12,4,5,6,26,54,153
0,2343,4323,2,58,4,5,71,45,66,9
1,845,560,48,12,4,13,6,26,35,9
0,144,306,48,58,20,5,6,45,66,9
0,4394,1278,38,30,20,5,6,26,8,4395
0,200,4714,48,30,20,5,6,14,202,203
1,1291,1158,48,42,20,13,6,26,8,1293
0,69,4706,48,58,20,5,6,26,27,73
1,368,4168,112,58,20,5,6,26,135,136
0,270,4621,48,42,20,5,6,7,35,272
0,142,1645,48,19,20,5,6,80,8,9
1,1179,4591,2,12,4,5,6,45,66,9
0,512,1396,48,3,4,5,6,45,54,153
0,123,3609,38,19,20,5,6,7,8,9
0,118,1723,48,42,20,96,6,7,8,120
0,159,1166,24,25,20,5,6,45,161,210
1,245,166,18,30,20,5,6,45,54,153
1,950,398,18,25,20,5,6,26,791,792
1,67,1131,18,19,20,5,6,45,8,9
1,789,3855,2,42,20,5,6,26,791,792
0,187,4652,18,58,20,13,6,7,189,190
0,457,4054,38,58,20,5,6,26,459,460
0,241,2150,112,25,20,5,6,45,66,9
0,268,3647,2,25,20,5,6,45,8,9
0,480,1525,48,3,4,5,6,26,219,220
0,273,861,48,12,4,13,6,26,233,2264
0,850,1901,2,42,20,5,6,7,127,9
0,354,1049,112,30,20,5,71,45,66,9
1,74,438,48,3,4,96,6,7,8,84
1,971,4349,48,42,20,5,6,45,35,3591
0,463,5088,112,19,20,5,6,45,465,466
0,643,256,112,42,20,5,6,7,146,147
0,1149,3128,18,30,20,5,6,7,8,9
1,688,1440,24,58,20,5,6,26,31,9
0,2094,4944,48,30,20,13,6,26,54,9
1,588,442,2,19,20,96,6,45,589,590
0,123,4087,38,30,20,5,6,7,8,9
1,1155,3248,48,25,20,5,6,26,35,1156
1,527,3767,48,25,20,5,6,72,135,136
0,170,2621,48,58,20,5,6,45,102,171
1,699,17,48,58,20,96,6,26,8,700
0,368,319,2,19,20,5,6,72,135,136
0,2684,4090,18,58,20,5,6,26,35,99
1,10,166,18,25,20,13,6,88,15,9
0,789,3244,112,30,20,5,6,7,791,792
0,829,4428,48,30,20,13,6,26,54,153
1,1555,282,18,58,20,5,6,45,66,9
0,726,3974,2,12,4,5,6,72,135,728
0,176,2979,18,25,20,5,71,26,161,178
1,1149,41,18,30,20,13,6,26,8,9
1,167,2386,112,3,4,5,6,7,8,169
1,1155,4875,112,12,4,5,71,26,35,9
0,3987,619,38,19,20,5,6,80,2087,9
1,137,164,48,12,4,5,6,26,102,9
0,948,2435,48,12,4,5,6,45,189,9
1,148,332,2,3,4,5,6,45,150,9
1,699,232,112,58,20,96,6,72,8,700
0,224,3595,38,42,20,5,71,80,35,99
1,829,442,2,42,20,5,6,26,54,153
0,2724,798,2,3,4,5,6,7,27,238
0,485,1752,38,12,4,5,6,45,66,9
0,387,4702,2,30,20,13,6,26,8,9
0,266,2418,24,25,20,5,6,26,54,153
1,550,2257,48,30,20,5,6,7,8,9
0,457,578,2,58,4,5,6,72,459,460
0,97,2501,48,12,4,5,6,26,35,99
0,868,4274,139,25,20,5,6,7,54,153
0,1707,4561,38,25,20,5,6,14,964,1231
0,259,2611,48,42,20,5,6,14,27,261
1,69,164,2,12,4,5,6,26,27,73
0,179,1264,18,58,20,5,6,26,54,153
0,992,3503,112,25,20,5,6,45,66,9
0,257,4792,18,12,4,5,6,26,102,360
1,213,37,112,30,20,5,6,26,35,99
1,213,1319,18,42,20,96,6,26,35,99
0,463,1385,24,30,20,5,6,7,465,466
1,600,41,2,3,4,5,6,26,27,602
0,731,3102,24,3,4,13,6,26,732,733
1,1222,77,18,58,20,5,6,26,35,99
0,531,4609,38,58,20,13,6,7,54,153
1,82,166,38,30,20,5,6,7,8,404
0,584,1753,18,25,20,5,6,7,54,586
1,1408,339,2,42,20,5,6,45,66,9
0,198,907,112,25,20,5,6,72,135,136
1,2026,583,18,58,20,5,71,45,66,9
0,757,2683,2,19,20,5,71,26,54,153
1,1354,645,38,19,20,5,6,7,91,1356
1,1344,282,139,19,20,5,6,45,66,9
1,1536,282,2,3,4,5,6,26,181,9
1,295,515,48,42,20,5,6,7,8,9
0,509,4266,18,58,20,5,6,26,161,3159
1,386,57,18,58,20,5,6,26,8,9
1,121,1349,2,30,20,13,71,72,35,9
1,890,2377,112,19,20,5,6,26,150,892
0,121,4074,112,3,4,5,6,7,35,99
1,163,438,24,30,20,5,6,26,135,136
0,1574,4099,48,30,20,5,6,72,35,99
0,567,2624,2,30,20,5,6,7,8,9
1,1096,3055,2,19,20,5,6,7,31,32
1,1756,4889,48,30,20,5,71,7,102,9
1,236,718,112,30,20,96,6,72,27,238
1,121,1842,2,25,20,13,6,26,35,9
0,391,4658,48,3,4,5,6,80,8,393
1,527,2377,18,25,20,5,6,72,135,136
1,330,583,18,58,20,13,71,26,54,586
0,28,4701,18,19,20,5,6,26,31,32
0,409,2178,48,42,20,5,6,26,35,9
1,5183,1260,38,58,20,13,6,72,27,9
1,217,1878,38,25,20,13,6,26,8,489
1,1061,1502,2,25,20,5,6,26,233,1063
0,159,3872,139,30,20,5,6,26,161,162
1,125,332,112,42,20,5,6,26,127,128
0,622,4225,2,58,4,5,6,45,35,522
1,323,166,24,19,20,96,6,7,54,9
0,775,1855,48,12,4,5,6,26,150,9
0,231,4956,18,58,20,5,6,26,233,234
0,264,4943,18,25,20,96,6,26,8,9
0,46,2397,38,30,20,5,6,26,49,1815
0,423,3985,18,58,20,5,6,26,54,9
0,3402,4106,38,19,20,5,6,26,8,9
0,107,2820,38,12,4,13,6,26,8,9
1,726,2747,112,25,20,5,6,26,135,728
0,176,2539,2,30,20,5,71,7,161,178
0,281,5158,48,42,20,5,6,7,161,511
1,109,282,18,25,20,5,6,80,106,9
0,254,4634,48,42,20,5,6,26,54,153
1,656,166,48,25,20,13,6,7,27,984
0,52,1748,38,12,4,5,6,80,54,55
0,529,3340,24,30,20,5,6,80,35,9
0,69,2494,38,3,4,5,71,80,27,73
0,463,2619,18,19,20,96,6,26,465,466
0,1195,3405,139,12,4,5,6,7,233,1197
0,1555,3191,48,58,20,5,6,45,66,9
1,323,324,38,30,20,13,6,45,54,9
0,1652,334,112,19,20,5,6,7,54,153
0,247,4310,18,42,20,5,6,45,66,9
0,401,3897,2,19,20,5,6,45,66,9
0,552,613,2,3,4,5,6,45,66,9
0,118,4216,112,42,20,96,6,7,8,120
0,245,1881,2,3,4,13,6,26,54,153
0,74,513,48,12,4,96,6,80,8,84
0,1334,1956,112,25,20,5,6,7,35,99
1,76,378,112,42,20,5,6,26,27,73
1,1078,442,48,3,4,5,6,26,54,9
0,972,4085,48,25,20,5,6,7,8,404
1,827,1246,38,58,20,13,6,26,35,272
1,198,772,112,25,20,5,6,26,135,136
0,16,2059,112,30,20,5,6,72,8,21
0,259,3293,48,42,20,5,6,14,27,261
1,67,1046,2,19,20,13,6,80,8,9
0,249,668,2,42,20,5,6,45,54,251
0,546,87,48,3,4,5,6,26,548,9
0,1053,4516,18,3,4,13,6,26,35,9
1,236,166,38,25,20,13,6,26,27,238
0,391,2659,48,12,4,5,6,7,8,393
0,996,820,48,42,20,5,6,26,54,55
0,600,3525,38,3,4,5,6,7,27,602
0,165,4240,18,12,4,5,71,26,8,9
0,386,3708,18,58,20,5,6,72,8,9
0,362,304,2,12,4,5,6,26,189,364
1,879,166,2,12,4,5,6,45,54,153
0,407,4384,139,19,20,5,6,88,27,9
0,663,4195,48,3,4,5,6,7,54,586
0,78,3275,48,19,20,5,6,26,81,9
0,268,1654,48,25,20,5,6,45,8,9
0,351,3360,139,12,4,5,6,26,62,3561
0,2086,1941,139,58,4,5,6,80,2087,2088
0,125,4543,18,19,20,5,6,7,127,128
1,829,37,18,42,20,13,6,7,54,153
0,531,966,38,58,20,13,6,7,54,153
1,167,4746,112,3,4,5,6,7,8,169
0,490,4053,18,42,20,13,6,26,35,9
1,268,282,112,19,20,5,6,7,8,9
0,386,4950,112,19,20,5,6,26,8,9
0,82,1836,139,25,20,5,6,26,8,120
0,1053,1854,2,30,20,5,6,26,35,9
1,273,3502,48,12,4,13,6,26,233,2264
1,480,282,2,42,20,13,6,26,219,9
0,10,5134,38,25,20,5,6,88,15,9
0,3546,1690,38,25,20,5,6,45,66,9
0,215,3282,18,58,20,5,6,72,135,136
0,1155,1208,48,12,4,13,6,26,35,1156
0,1018,3515,38,3,4,5,6,7,8,419
1,531,2931,38,58,20,13,6,7,54,153
0,1646,3469,2,58,4,5,6,26,8,9
0,457,3270,48,12,4,5,6,72,459,460
1,470,282,24,25,20,5,6,14,181,9
1,503,394,139,19,20,5,6,80,15,505
1,1414,442,112,3,4,5,6,7,81,9
0,1570,4801,38,19,20,5,6,26,8,9
1,151,232,18,3,4,13,6,26,54,153
1,559,164,139,30,20,5,6,26,434,435
1,167,3116,38,3,4,5,6,26,8,169
1,16,442,139,12,4,5,6,7,8,9
1,40,743,112,42,20,5,6,80,8,9
0,349,2681,38,3,4,5,6,7,8,9
0,1287,4886,38,3,4,5,6,26,887,1289
0,1408,3852,48,42,20,5,6,45,66,9
1,179,114,2,12,4,5,6,26,181,182
1,323,166,48,58,20,96,6,26,54,9
1,441,166,48,42,20,5,6,26,35,99
0,10,2523,18,30,20,5,6,80,15,9
1,5275,166,18,25,20,5,6,7,634,635
1,2094,5042,18,58,20,13,6,26,54,9
1,3247,282,48,42,20,5,6,26,35,99
1,1093,481,48,12,4,5,6,7,54,586
1,2074,659,18,19,20,5,6,26,8,9
0,1847,4256,2,19,20,5,6,26,8,9
1,622,41,24,19,20,5,6,7,35,522
0,580,3389,2,19,20,5,6,7,317,581
0,1093,4665,24,58,20,5,6,7,54,586
1,888,438,112,3,4,5,6,26,219,220
1,2074,1270,18,30,20,5,6,45,8,9
0,82,1073,112,19,20,5,6,45,8,120
0,402,4739,38,12,4,13,6,72,8,404
0,345,3052,38,12,4,5,6,7,35,1276
1,994,1169,48,19,20,5,6,45,66,9
0,1820,3093,2,42,20,13,71,7,102,300
0,509,141,18,58,20,5,6,45,161,283
0,109,2127,18,42,20,5,6,26,106,9
0,663,2345,2,19,20,96,6,7,54,586
1,731,282,112,19,20,5,6,7,732,733
1,1519,359,18,12,4,5,6,26,8,39
1,796,442,18,19,20,5,6,14,66,9
1,1023,4100,48,25,20,5,6,26,135,136
0,74,4848,112,42,20,96,6,26,8,84
1,4366,4275,18,30,20,5,71,26,8,9
0,450,329,24,58,20,13,6,26,27,452
0,2353,2581,139,3,4,5,6,26,161,511
0,577,1632,48,42,20,5,6,26,54,153
1,567,166,112,19,20,5,6,80,8,9
0,401,946,2,12,4,5,6,26,54,9
0,268,2325,24,58,20,5,71,7,8,9
0,273,808,48,58,20,5,6,72,233,275
0,326,2730,48,42,20,5,6,45,66,9
0,224,2403,48,58,20,13,6,45,35,99
0,1023,4016,112,25,20,5,6,72,135,136
1,402,1818,48,58,20,5,6,80,8,404
0,125,464,48,58,20,5,6,7,127,128
1,409,57,112,30,20,5,6,26,35,9
1,894,3148,112,3,4,5,6,72,27,896
0,16,3897,139,58,4,5,6,72,8,9
0,890,1907,24,25,20,13,6,7,150,892
0,321,907,48,12,4,5,6,7,8,9
1,495,772,2,25,20,5,6,26,35,99
0,888,4797,2,42,20,5,6,7,219,220
0,69,3861,112,12,4,13,71,72,27,73
1,2745,1635,2,58,4,5,6,26,35,2746
0,69,3916,38,3,4,5,71,26,27,73
0,16,2081,2,3,4,5,6,7,8,9
1,415,3875,2,42,20,5,6,45,66,9
1,1574,166,24,19,20,5,6,26,35,99
0,524,2092,2,25,20,5,6,26,8,9
1,1847,1369,18,30,20,5,6,45,8,9
0,461,4563,18,12,4,5,6,7,54,153
0,3840,1244,48,12,4,5,6,7,8,9
0,4366,3371,18,58,20,5,6,26,8,9
0,3420,1782,18,12,4,5,6,26,1633,3421
1,565,3697,38,30,20,5,6,45,66,9
1,148,3311,2,3,4,5,6,7,150,9
1,383,258,48,30,20,5,6,14,385,9
1,118,282,38,12,4,96,6,7,8,120
0,28,2260,2,3,4,5,6,26,31,32
1,622,1861,18,30,20,5,6,26,35,522
0,179,2548,2,42,20,5,6,45,54,153
1,179,865,2,19,20,5,6,7,54,9
1,2808,3209,139,3,4,5,6,7,146,147
0,109,2255,48,58,20,5,6,26,106,9
0,401,3011,48,42,20,5,6,26,54,9
0,402,4873,48,42,20,5,6,26,8,9
1,50,679,38,19,20,5,6,26,8,9
1,292,442,112,58,20,13,6,7,54,294
1,407,4675,139,19,20,5,6,88,27,9
1,107,668,2,58,4,13,6,26,8,9
0,144,2480,18,12,4,13,6,80,146,147
0,292,4273,2,12,4,13,6,26,54,294
1,1061,396,48,30,20,5,6,7,233,1063
1,845,2011,38,25,20,13,71,26,35,9
1,179,17,2,19,20,5,6,7,54,9
0,577,53,2,12,4,5,6,26,54,153
0,4917,4554,112,19,20,5,6,45,66,9
1,391,164,2,30,20,5,6,45,8,393
1,764,77,2,30,20,5,6,45,66,9
0,600,4031,38,42,20,5,6,26,27,602
0,731,3650,24,42,20,13,6,7,732,733
0,36,1907,18,25,20,13,6,26,8,39
1,609,3963,2,58,4,5,6,7,8,9
1,574,675,48,19,20,5,6,7,54,153
0,33,3479,2,30,20,13,6,26,35,9
0,241,2104,38,3,4,5,6,26,8,9
0,10,2821,18,58,20,5,6,14,15,9
1,307,2774,18,58,20,5,6,7,8,9
0,450,4424,18,30,20,96,6,26,27,452
0,663,3928,139,19,20,96,6,7,54,586
0,2491,3166,38,19,20,5,6,26,161,178
0,176,901,2,25,20,5,71,26,161,178
0,757,1538,139,3,4,13,6,26,54,153
0,4786,471,18,25,20,13,6,7,8,1293
1,423,4832,48,30,20,5,6,26,54,9
0,1018,373,38,12,4,5,6,26,106,9
1,307,282,38,25,20,13,6,26,8,9
0,266,2568,48,25,20,5,6,45,66,9
1,1756,2254,2,58,4,5,71,7,102,9
0,60,754,38,25,20,5,6,45,62,557
1,467,166,139,25,20,5,6,26,468,9
0,1449,747,38,30,20,13,6,26,31,9
0,247,2616,18,42,20,5,6,45,66,9
1,399,438,18,12,4,5,6,7,219,220
1,118,2530,18,58,20,96,6,80,8,120
0,879,168,2,58,4,5,6,26,54,153
1,1085,4048,38,19,20,5,6,7,8,9
0,303,4211,38,58,20,5,6,26,8,9
0,622,2018,18,19,20,5,6,80,35,522
0,241,199,18,58,20,5,6,7,8,9
0,1195,3579,18,42,20,5,6,7,233,1197
1,950,2816,112,25,20,5,6,26,791,792
0,524,4240,2,25,20,5,6,14,8,9
1,796,1732,2,25,20,5,6,14,66,9
0,656,2521,112,30,20,5,6,80,27,238
0,829,3684,48,42,20,13,6,26,54,153
0,888,4391,112,58,20,13,6,14,35,99
1,104,166,2,25,20,5,6,45,66,9
0,372,1907,38,30,20,5,6,7,31,9
0,598,2795,18,58,20,5,6,26,8,132
0,470,3905,18,30,20,96,6,26,181,182
1,453,263,38,42,20,5,6,26,454,455
1,349,396,2,3,4,5,6,80,8,9
0,1338,2470,38,19,20,5,6,80,54,9
1,609,2878,48,12,4,5,6,80,8,9
0,600,5260,18,58,20,13,6,26,27,602
0,750,968,48,30,20,13,6,26,8,489
0,281,5147,18,42,20,5,6,26,161,511
0,518,3666,38,30,20,5,6,72,135,136
0,142,4910,139,19,20,5,6,7,8,9
1,40,164,48,25,20,5,6,72,8,43
0,245,4423,48,58,20,5,6,26,54,153
0,5232,2730,48,25,20,5,6,26,8,9
0,612,2638,18,42,20,5,6,72,135,136
0,1085,4132,38,19,20,5,6,7,8,9
1,485,420,2,3,4,5,6,7,161,9
0,1707,4787,2,25,20,5,6,26,964,1231
1,415,2644,24,19,20,5,6,45,66,9
1,591,3477,2,3,4,5,6,26,135,136
0,36,2530,38,3,4,13,6,26,8,39
0,100,2172,38,58,20,5,6,26,102,103
0,273,1409,112,30,20,5,6,80,233,275
0,4719,2348,48,42,20,5,6,45,66,9
1,217,651,48,30,20,5,6,45,219,220
0,467,4664,48,19,20,5,6,7,468,9
0,89,1362,48,42,20,13,6,7,91,9
1,1519,166,112,58,20,5,6,7,8,39
0,323,786,2,58,4,13,6,26,54,9
1,229,3158,2,19,20,5,6,26,8,43
0,67,4270,2,19,20,5,6,72,8,9
0,609,3634,18,3,4,5,6,80,8,9
1,206,767,48,42,20,13,6,26,102,208
0,518,4367,38,30,20,5,71,72,135,136
0,2504,5142,2,25,20,5,6,26,2506,9
1,100,2355,2,12,4,5,6,26,102,9
0,328,865,2,58,4,5,6,26,8,1300
0,60,3004,18,12,4,5,6,88,62,557
1,270,216,2,3,4,5,6,72,35,272
1,40,41,48,3,4,5,6,80,8,9
0,750,1335,18,19,20,96,6,26,8,489
0,74,1605,112,30,20,96,6,26,8,84
0,303,5263,2,58,4,5,6,72,8,9
1,155,282,38,42,20,5,6,7,8,9
0,395,1409,2,58,4,5,6,7,161,397
0,4067,4907,2,42,20,5,6,45,66,9
0,320,1561,18,58,20,96,6,26,54,153
0,4700,730,48,12,4,5,6,72,8,9
0,229,180,2,19,20,5,6,26,8,43
0,349,1908,38,3,4,5,6,72,8,9
1,622,79,139,42,20,5,6,26,35,522
1,264,3406,38,3,4,5,6,7,8,9
1,1104,1249,18,42,20,5,6,7,181,182
0,46,149,48,12,4,5,6,26,49,9
0,837,4649,38,25,20,13,6,7,8,9
0,315,3979,112,42,20,5,6,80,317,318
0,1519,2180,48,58,20,5,6,72,8,9
0,3914,2097,18,25,20,5,6,26,161,3915
0,241,4348,48,25,20,5,6,45,66,9
1,800,149,48,58,20,13,6,26,54,153
0,277,4357,18,58,20,5,6,45,279,280
1,16,521,38,30,20,5,6,7,8,9
0,632,4773,2,25,20,5,6,7,634,635
1,16,1358,38,30,20,5,6,26,8,9
0,5202,3814,2,42,20,5,6,26,49,5203
0,401,5233,48,19,20,5,6,80,54,9
0,903,2710,2,25,20,5,6,7,27,261
0,1621,3755,24,19,20,96,6,26,189,9
1,1506,166,112,19,20,96,6,26,54,153
0,1151,2991,18,25,20,5,6,14,54,9
1,4067,41,2,42,20,5,6,45,66,9
1,974,476,18,25,20,5,6,45,66,9
1,888,282,48,19,20,5,6,7,8,419
1,125,77,38,19,20,5,6,7,127,128
1,104,852,112,42,20,13,6,80,106,9
0,1053,4559,18,25,20,13,6,26,35,9
0,600,1703,18,58,20,5,6,7,27,602
0,985,160,18,58,20,5,6,7,8,987
1,974,41,112,19,20,5,6,45,66,9
0,879,776,139,30,20,5,6,7,54,153
0,582,3513,38,25,20,13,6,26,219,220
1,461,442,18,25,20,96,6,7,54,153
0,972,3819,48,12,4,5,6,7,8,9
0,550,3271,18,3,4,5,6,7,8,9
0,330,5062,38,3,4,5,6,7,54,117
0,1707,2236,38,30,20,5,6,26,964,1231
0,857,255,18,25,20,5,6,26,8,120
0,130,2313,2,42,20,5,6,26,8,132
0,656,875,48,58,20,13,6,14,27,984
1,268,743,48,25,20,5,6,72,8,9
0,402,1194,139,58,4,5,6,80,8,404
0,1408,3702,139,42,20,5,6,45,66,9
1,137,164,2,3,4,5,6,7,102,103
0,699,3904,48,19,20,5,6,72,8,700
0,1015,2747,48,30,20,5,6,45,66,9
1,198,282,18,30,20,5,6,72,135,136
0,854,2467,2,25,20,13,6,7,219,9
0,320,2341,24,42,20,13,6,26,54,153
0,407,2934,139,19,20,5,6,88,27,9
0,793,3227,2,12,4,5,6,7,54,9
1,174,149,18,19,20,5,6,26,8,9
0,321,5164,139,58,4,5,6,7,8,9
1,92,41,48,12,4,13,6,80,8,94
0,742,4143,18,58,20,5,6,7,744,745
1,366,263,112,12,4,5,6,26,8,9
0,457,312,38,12,4,5,6,45,459,460
1,492,3662,48,19,20,5,6,26,27,9
0,243,747,18,30,20,5,6,7,8,9
0,577,1946,139,58,4,5,6,26,54,153
0,36,1934,112,12,4,13,6,26,8,39
1,453,852,2,12,4,5,6,26,454,455
0,2029,4637,48,19,20,13,6,7,54,9
0,509,2920,24,3,4,5,6,26,161,283
0,622,873,38,19,20,5,6,7,35,522
0,4818,678,2,30,20,5,6,80,102,360
1,571,282,2,58,4,5,6,26,135,136
1,301,282,112,12,4,5,6,7,54,153
0,187,4663,48,3,4,13,6,26,189,190
0,266,1496,38,58,20,5,6,45,66,9
0,185,2080,112,12,4,5,6,26,35,9
1,36,848,38,3,4,5,6,26,8,39
0,473,4655,2,30,20,5,6,26,35,99
0,366,2793,18,30,20,13,6,7,8,9
0,591,3759,2,3,4,5,6,26,135,136
1,588,3209,112,19,20,96,6,80,589,590
1,1420,641,38,42,20,5,6,26,8,9
0,281,3665,2,3,4,5,6,7,161,283
0,243,4335,48,3,4,5,6,45,8,9
0,349,1477,38,42,20,5,6,72,8,9
0,1452,3232,48,19,20,13,6,72,8,9
0,301,4889,112,30,20,5,6,26,54,153
0,2858,690,2,42,20,5,6,80,8,9
0,391,400,18,12,4,5,6,45,8,393
0,789,2961,18,30,20,5,6,7,791,792
0,196,3179,139,3,4,5,6,45,66,9
0,529,2650,24,42,20,5,6,26,35,9
1,2086,1602,24,58,20,5,6,45,2087,2088
0,1102,1355,24,42,20,13,6,26,54,153
1,1600,767,18,12,4,13,6,26,189,9
1,663,442,38,42,20,13,6,7,54,586
1,142,1541,48,19,20,5,6,14,8,9
0,1061,3301,48,12,4,5,6,26,233,1063
0,215,761,48,25,20,5,71,26,135,136
0,307,4945,2,42,20,5,6,26,8,9
1,40,166,38,58,20,5,6,26,8,43
0,198,4075,112,30,20,5,6,72,135,136
1,4532,5233,24,19,20,5,6,7,233,9
1,571,4280,18,3,4,5,6,72,135,136
1,125,442,24,25,20,5,6,26,127,128
1,726,77,18,42,20,5,6,26,135,728
0,187,3679,2,3,4,5,6,26,189,190
0,4249,2566,48,25,20,5,71,7,8,1890
0,793,4799,139,25,20,5,6,26,54,153
1,107,668,18,3,4,13,6,80,8,9
0,362,633,48,19,20,5,6,26,189,364
0,1589,1937,18,42,20,13,6,26,1432,1433
0,224,4433,48,19,20,5,6,7,35,99
0,450,2828,112,42,20,5,6,26,27,452
1,328,2404,18,30,20,96,6,72,8,9
0,200,4489,112,25,20,5,6,72,202,203
0,514,3631,112,12,4,5,6,80,35,9
0,224,3313,18,42,20,5,6,80,35,99
1,800,324,2,42,20,13,6,7,54,153
1,888,852,38,3,4,5,6,45,66,9
1,307,57,18,12,4,5,6,26,8,9
1,571,493,2,19,20,5,6,26,135,136